1000 7
7 3 7 4 2 2 6 
17 19 1
16 20 7
7 10 1
6 9 6
10 14 1
20 23 5
10 13 4
0 4 7
16 20 7
11 15 7
10 14 1
13 17 3
21 1 5
13 16 3
14 18 5
7 10 6
21 1 6
7 10 1
6 8 1
2 5 2
0 3 2
20 21 7
15 17 6
6 10 1
20 0 6
8 11 7
7 8 5
8 11 1
13 16 6
11 13 6
2 5 4
15 18 5
8 11 6
7 8 7
14 16 6
22 3 5
4 7 3
14 18 3
17 21 5
18 21 3
14 16 4
5 7 6
8 12 1
17 21 7
13 16 1
9 13 6
9 11 6
17 21 4
18 20 5
4 8 5
18 21 6
7 10 5
23 2 3
1 5 7
10 11 4
6 9 3
21 23 3
6 10 5
7 12 6
15 18 2
2 5 5
18 19 6
9 12 6
18 21 3
11 13 6
13 16 4
15 16 3
10 13 2
16 20 2
8 10 2
19 0 7
23 2 2
12 14 5
12 14 3
2 5 6
11 14 1
22 1 1
14 16 2
10 14 3
5 10 7
20 22 2
17 20 3
4 7 7
11 16 1
22 23 3
11 15 1
7 10 6
13 14 1
16 20 2
9 11 1
17 20 5
21 1 6
17 20 7
5 9 4
22 1 7
3 5 1
5 6 4
12 16 4
19 22 2
18 20 1
3 5 2
10 14 2
8 12 3
13 16 2
1 6 2
8 10 4
15 19 3
9 11 6
22 1 4
10 15 1
2 6 5
15 17 1
10 10 6
7 11 1
1 3 1
21 0 6
14 15 6
22 23 4
1 4 6
15 18 4
5 6 5
20 0 3
16 19 7
12 15 1
11 13 4
15 19 7
0 3 4
5 9 2
21 0 7
18 20 7
1 5 7
5 8 7
13 17 4
18 22 5
17 19 4
10 13 7
15 18 6
3 7 1
11 14 7
15 18 5
19 21 6
18 21 3
3 6 4
9 13 1
17 20 6
15 17 5
22 0 7
5 7 3
14 17 1
13 16 7
16 20 1
19 22 4
13 15 4
12 15 3
11 16 6
19 22 3
14 17 1
18 21 2
11 15 4
0 3 5
22 1 1
12 15 1
23 2 6
22 1 3
8 11 7
13 15 4
9 11 3
15 17 5
21 1 3
23 2 3
18 21 2
22 0 4
4 7 6
15 17 1
9 13 3
11 13 6
9 14 1
5 7 4
6 8 7
22 1 1
0 1 6
11 14 3
5 8 2
14 17 4
3 7 7
8 12 7
7 10 3
17 19 4
21 23 1
20 22 6
18 21 3
7 7 1
4 6 3
21 1 7
15 18 1
11 14 1
1 4 5
20 23 5
5 8 4
3 7 6
19 23 6
11 13 6
3 6 7
20 1 1
19 0 1
22 1 2
11 14 3
20 1 5
5 9 3
12 15 5
16 20 4
3 5 7
11 15 6
19 23 6
2 5 6
18 21 3
9 11 5
22 1 2
14 17 5
19 21 5
12 13 4
9 12 6
4 9 2
18 20 2
22 0 5
5 8 6
6 8 2
11 14 2
3 7 1
14 16 5
13 17 4
17 22 3
3 5 3
19 21 3
8 12 6
9 12 5
3 5 4
20 0 4
13 17 6
6 8 7
11 13 4
13 18 6
16 18 6
17 20 2
4 7 4
5 9 7
10 14 5
14 19 3
11 13 5
5 7 1
14 16 2
22 1 4
11 14 3
12 15 1
3 5 7
20 23 4
13 18 2
20 22 3
12 15 7
5 8 4
22 3 3
6 11 7
15 17 4
5 8 3
2 5 5
2 3 6
11 15 4
21 23 2
15 19 4
23 1 7
23 3 7
19 23 1
1 5 2
19 23 1
5 7 5
10 13 1
5 8 6
6 11 1
11 14 6
19 21 3
22 1 5
11 14 2
12 16 5
4 5 5
21 0 7
13 17 6
19 22 1
7 9 6
15 18 1
14 17 2
2 5 3
23 1 1
17 20 4
19 23 5
21 23 2
21 23 5
12 15 3
12 16 6
10 13 4
20 22 3
7 10 3
8 11 5
14 16 6
4 6 2
16 19 7
11 14 2
8 13 6
12 16 1
19 23 1
0 2 3
2 5 5
8 11 2
5 8 3
22 2 1
2 4 3
9 13 3
9 13 3
8 11 6
18 19 7
5 8 6
19 22 7
22 2 6
12 16 3
17 20 3
1 4 6
18 23 1
15 18 7
15 17 6
17 20 3
11 12 3
8 11 7
12 17 7
21 23 6
1 4 1
17 21 4
15 18 5
5 8 4
10 13 1
14 16 1
11 16 7
0 3 7
12 15 1
7 12 6
9 13 7
7 9 5
1 4 2
9 13 2
4 6 3
1 4 5
1 3 2
7 12 1
2 5 4
0 3 7
14 16 3
18 19 3
5 9 1
9 12 3
14 16 4
1 5 2
21 0 4
11 15 2
18 22 3
1 4 1
7 8 6
20 23 5
21 0 7
9 10 1
8 12 2
14 16 3
15 16 3
14 17 3
9 12 6
6 8 5
5 7 5
16 19 1
19 22 5
20 22 1
8 9 2
3 6 7
4 6 2
19 21 4
0 5 4
10 13 3
23 3 1
5 9 1
23 2 2
13 17 7
13 16 3
2 6 1
4 8 5
18 21 3
17 19 3
19 22 6
1 3 4
20 0 2
13 16 6
22 1 4
10 13 4
5 8 7
3 6 6
9 14 6
17 20 4
11 13 3
6 9 2
15 17 5
18 21 2
4 9 7
8 10 1
2 5 7
22 23 3
11 16 4
6 10 2
13 16 1
23 2 5
21 0 2
21 0 1
14 17 3
3 6 5
12 13 2
8 12 2
15 17 1
14 17 6
9 13 7
5 8 2
14 16 5
11 14 6
22 1 2
7 10 7
8 12 1
3 6 2
16 20 5
19 22 6
2 4 4
19 23 7
2 6 6
9 13 1
1 5 2
21 23 5
8 10 6
20 22 5
20 0 1
7 13 1
12 16 1
12 15 1
3 5 4
1 4 1
16 20 6
6 10 4
12 14 6
11 15 4
22 1 3
11 14 2
21 0 2
4 7 1
21 1 6
1 4 4
2 4 6
9 12 2
1 4 4
11 13 7
3 7 7
20 23 1
15 18 7
21 1 4
13 16 4
3 6 6
15 18 1
16 19 7
10 13 5
19 23 7
2 6 4
11 11 3
5 9 3
6 9 3
20 23 7
5 7 4
14 16 6
20 23 1
17 20 4
0 3 4
12 15 6
22 1 1
0 4 1
9 12 6
13 17 1
6 10 3
11 14 6
15 17 2
0 3 1
4 6 3
11 15 3
3 5 3
3 5 5
1 3 2
0 3 2
11 14 5
1 2 6
11 14 5
23 1 2
1 6 4
3 3 7
7 11 4
22 1 1
8 11 7
7 11 6
9 12 7
15 17 2
2 5 3
5 7 6
20 0 2
2 4 4
8 11 2
15 20 1
21 0 3
22 1 5
11 13 6
22 1 2
23 4 7
5 8 5
18 20 7
7 10 5
9 11 4
14 18 7
15 19 4
20 23 3
9 11 1
0 4 4
5 9 5
23 3 5
21 2 5
2 7 2
12 15 5
5 8 4
11 12 7
12 17 6
9 13 1
23 1 5
22 1 7
16 19 2
22 1 3
13 15 3
21 0 5
17 21 4
20 0 7
23 2 2
6 9 2
12 13 2
15 17 5
21 0 2
16 18 1
7 9 4
21 22 1
21 23 2
16 18 5
16 18 4
5 9 3
2 7 4
3 7 6
15 19 1
22 23 2
3 6 7
14 16 6
17 20 4
9 12 1
22 2 7
15 17 7
7 11 2
23 2 3
18 21 1
1 4 2
8 11 6
5 8 5
8 12 5
15 18 7
12 15 4
23 2 6
5 9 3
7 10 1
8 11 2
14 17 2
2 4 4
6 9 1
15 18 3
14 17 5
23 4 3
3 6 5
17 19 2
21 1 7
9 15 3
3 5 1
19 22 7
13 15 3
22 0 7
4 8 1
1 5 3
13 17 3
12 15 4
17 20 5
12 15 4
14 17 5
14 15 3
23 3 1
21 0 4
13 16 5
3 6 2
0 4 2
21 23 4
19 0 7
12 14 1
22 2 3
5 9 2
6 9 6
17 19 7
4 6 3
1 4 2
20 23 2
12 14 7
18 21 1
22 3 2
15 18 3
7 11 6
17 21 5
23 1 7
6 8 4
21 23 4
19 0 4
6 9 6
5 8 3
19 22 7
15 18 2
2 5 5
20 1 6
20 22 1
11 14 1
1 4 2
22 1 2
12 15 2
7 10 7
19 23 6
16 19 3
17 22 5
3 6 5
7 10 2
6 10 3
11 14 6
14 18 3
9 12 5
21 23 3
3 6 3
20 0 3
7 8 2
14 18 2
0 3 7
11 14 6
12 15 3
23 3 7
9 12 6
17 20 5
8 12 4
1 4 4
1 3 7
0 5 5
12 13 3
3 6 4
1 4 4
17 20 7
20 23 4
10 12 4
12 13 5
11 14 7
21 2 2
8 11 3
21 2 5
14 18 3
4 9 3
20 0 6
4 6 6
1 4 2
3 6 7
17 20 4
18 22 6
20 23 2
14 16 2
4 6 3
1 3 5
11 14 3
9 13 3
8 12 3
4 7 1
1 4 6
8 11 2
5 8 4
13 16 7
14 17 3
12 16 4
12 15 4
3 6 5
18 21 6
13 16 6
19 22 5
1 2 7
9 11 5
19 20 4
23 0 2
11 15 2
17 21 3
1 5 2
14 16 7
3 6 7
12 14 2
2 4 4
9 12 3
15 18 7
8 8 4
22 1 3
0 3 5
14 17 6
9 12 6
23 2 4
6 11 7
4 6 7
5 7 5
0 5 3
19 21 2
12 15 5
13 17 5
13 17 5
2 6 2
2 6 6
9 12 1
11 15 5
18 20 3
6 9 5
1 3 1
5 7 1
7 10 2
23 2 4
9 12 4
6 9 5
16 19 1
13 17 5
18 22 2
15 18 3
20 0 2
22 1 4
19 23 3
17 21 3
2 2 5
7 9 5
3 6 2
12 15 5
23 1 1
3 9 4
9 11 5
5 7 1
21 0 6
0 2 4
13 16 1
19 21 7
14 16 2
22 2 7
15 19 2
14 17 5
13 16 3
19 21 3
3 7 5
18 19 2
6 10 2
11 15 5
22 1 5
1 4 2
16 19 2
4 7 2
0 3 2
21 0 4
10 13 4
19 21 2
2 6 3
13 15 3
16 19 2
8 12 5
16 20 7
10 12 3
10 15 5
23 2 1
23 2 1
20 23 1
4 6 5
10 13 4
5 10 1
14 16 3
8 12 1
21 23 4
11 13 1
2 5 7
9 12 4
22 0 7
20 1 3
1 3 7
17 19 2
11 11 4
19 22 7
9 12 3
15 18 4
21 0 4
5 9 6
16 18 1
2 6 4
8 11 4
1 5 7
18 20 2
11 14 6
18 22 3
20 1 2
6 8 6
8 13 5
11 14 2
13 17 1
4 6 5
8 14 4
14 17 4
22 1 6
18 21 1
17 19 6
4 7 2
9 12 7
15 18 6
19 23 1
4 5 3
16 17 3
7 11 3
21 23 7
22 23 2
18 22 2
12 14 5
20 0 1
3 5 4
2 4 3
18 21 7
0 2 5
5 8 5
15 17 3
5 6 6
14 17 1
4 8 1
9 13 1
5 10 6
18 23 5
6 10 2
1 4 5
0 3 7
13 17 1
19 22 4
1 5 6
19 21 4
3 6 6
17 20 2
3 8 1
0 3 5
10 13 7
18 20 2
3 5 4
0 6 1
18 19 7
1 3 6
0 2 2
3 7 6
15 20 2
2 4 6
7 8 1
1 6 4
1 4 3
10 12 1
14 16 1
12 16 5
3 6 7
5 9 2
17 18 1
13 15 7
23 2 7
21 21 3
11 13 5
18 21 4
15 17 5
13 17 4
9 11 5
5 8 6
18 19 4
6 9 4
19 22 5
23 4 1
1 4 1
12 17 5
16 20 7
1 4 3
2 4 5
9 11 4
3 6 1
14 18 2
21 1 7
13 17 6
19 22 6
2 4 2
19 21 4
4 7 3
10 13 3
0 4 5
19 19 1
6 9 1
20 23 5
19 22 6
15 18 4
14 17 6
10 13 1
13 15 4
4 7 7
17 18 3
21 23 5
4 7 3
19 21 3
1 6 1
8 11 5
6 10 2
17 21 2
1 5 4
0 2 3
9 11 5
21 23 3
16 17 4
6 8 5
14 16 7
8 9 5
15 18 7
17 18 6
11 15 1
18 21 1
8 11 2
14 16 6
5 7 1
13 17 2
3 5 5
9 11 7
19 21 3
15 19 7
9 11 4
9 13 2
9 13 2
3 5 4
10 14 5
8 11 6
13 16 5
19 22 2
3 7 3
15 20 5
5 8 6
3 6 4
3 6 2
0 4 5
2 5 6
22 0 5
11 14 6
3 5 5
4 6 2
15 20 6
8 10 6
20 1 3
18 22 2
16 19 7
0 3 3
23 2 1
23 2 7
5 9 4
10 12 7
11 15 7
3 7 7
23 2 6
0 2 1
0 3 4
7 9 1
2 5 1
8 11 3
10 13 3
21 23 5
3 7 4
11 13 4
20 21 2
14 16 5
4 7 6
13 14 3
16 19 3
2 4 5
3 4 6
9 12 2
22 3 4
13 17 1
11 11 6
2 8 7
0 4 3
14 15 3
4 9 4
