1000 10
9 9 7 7 4 1 6 4 5 9 
19 21 10
22 0 10
20 22 1
2 4 8
14 17 4
2 6 4
5 9 6
0 1 6
2 5 8
12 15 6
11 15 7
21 1 3
19 22 1
4 4 2
3 6 5
11 14 10
10 12 10
18 21 8
17 18 6
13 15 1
19 21 10
4 7 6
16 17 4
4 8 8
6 9 5
4 7 5
5 6 3
18 22 5
20 22 8
2 6 5
14 16 2
11 13 6
16 18 1
21 22 10
18 21 4
9 12 1
22 2 5
1 4 9
9 11 7
9 10 9
1 4 10
19 21 3
15 17 10
5 9 5
16 19 1
19 22 4
13 15 8
2 5 10
0 3 8
3 5 9
6 10 7
20 23 3
21 0 1
10 10 6
14 17 1
8 11 9
6 9 9
10 13 9
14 16 4
2 3 4
23 3 9
11 14 9
12 17 9
15 18 6
15 18 6
20 23 9
16 18 8
23 1 3
17 20 4
17 20 1
9 13 9
1 4 8
15 18 4
2 5 7
20 23 9
20 23 1
2 5 3
12 15 10
19 23 9
11 15 9
9 11 7
21 0 1
15 19 9
6 11 4
3 6 7
13 16 2
22 1 10
21 0 3
22 1 10
2 5 2
19 22 9
13 15 1
12 15 5
9 12 7
2 7 1
3 7 10
6 8 2
12 14 7
9 13 4
5 8 1
14 17 6
7 10 9
3 8 4
6 9 1
3 8 3
11 14 5
3 7 4
8 9 8
2 4 7
18 21 4
14 16 4
16 18 4
1 4 6
13 14 8
5 8 4
19 21 3
7 10 1
10 14 7
9 12 8
12 14 5
23 2 7
6 9 1
16 19 4
1 4 2
11 13 2
17 21 9
5 8 1
22 0 9
14 18 5
11 14 4
9 12 3
6 10 9
4 7 5
21 23 7
18 21 7
13 16 2
7 11 9
14 17 9
22 2 9
4 7 6
4 7 3
23 0 6
21 0 1
13 16 7
23 2 1
4 7 2
0 4 2
13 15 7
14 18 9
6 10 10
12 13 6
13 15 5
11 14 2
13 17 10
9 12 2
9 13 10
4 7 7
22 1 9
3 7 8
5 8 9
11 13 10
5 7 4
18 22 4
0 3 8
4 8 4
16 19 10
19 0 4
3 7 6
2 6 9
8 11 6
16 19 3
10 12 5
12 14 6
9 10 8
8 12 2
13 16 5
7 11 7
21 22 7
2 5 9
8 10 2
0 2 3
13 15 3
21 0 3
17 21 5
1 2 8
1 6 4
7 12 6
0 3 3
18 21 2
14 20 4
18 22 4
4 8 6
21 0 4
22 1 2
16 18 4
14 16 6
3 6 2
0 4 7
2 4 6
1 4 1
0 3 6
10 15 6
12 14 10
5 9 10
15 16 6
19 21 7
11 14 9
5 8 3
19 21 3
1 5 1
1 4 1
14 18 1
2 5 4
21 1 9
13 18 10
18 21 4
0 4 1
10 13 8
20 0 6
10 15 1
12 13 6
9 13 6
3 6 5
3 7 3
9 14 4
19 22 1
21 1 2
16 18 2
21 1 1
13 16 6
11 13 7
11 14 10
12 16 4
11 16 6
15 18 10
16 19 10
5 9 4
8 13 3
11 12 10
14 18 4
11 14 3
8 10 5
3 6 4
5 9 8
12 15 1
16 20 1
2 4 3
6 9 6
0 3 1
14 18 8
8 11 8
11 15 1
4 6 7
23 3 9
1 6 6
0 1 9
5 7 2
20 0 5
16 20 4
18 19 2
11 16 8
2 5 10
17 20 1
12 15 7
13 16 3
15 20 2
0 3 9
15 19 1
19 23 1
12 15 5
4 4 5
17 21 9
10 13 2
18 20 3
7 10 6
7 11 10
11 14 6
21 1 10
23 1 1
21 23 6
16 19 8
1 3 10
9 13 9
18 21 6
9 11 5
13 16 5
18 19 9
14 17 4
0 3 8
23 2 3
5 9 3
11 14 10
18 21 4
17 21 9
3 6 1
2 5 3
10 13 6
0 2 1
11 14 9
22 0 7
23 5 4
4 6 5
6 9 4
13 17 6
12 17 9
17 20 1
5 9 10
22 23 10
5 8 5
18 22 7
13 16 5
2 7 4
9 11 2
10 12 6
23 3 6
19 23 6
21 0 4
13 15 6
14 17 8
7 10 6
9 13 4
22 2 9
11 13 10
11 13 8
15 19 4
3 8 4
9 11 7
12 15 6
10 12 1
12 14 1
17 19 8
2 6 9
21 23 1
6 9 1
8 10 8
7 11 10
22 0 8
3 7 2
1 4 7
16 20 3
13 14 4
7 11 6
1 4 4
19 23 3
15 17 10
16 19 10
3 8 6
0 4 8
11 12 3
7 10 3
19 22 4
21 23 3
17 20 3
16 18 10
21 23 4
20 0 3
7 11 1
8 11 10
20 23 2
5 8 2
1 5 7
19 22 7
17 20 3
1 5 7
4 8 3
2 7 3
23 1 7
15 18 5
10 15 1
16 21 9
21 0 7
9 11 9
23 5 9
20 22 7
3 5 2
10 14 6
18 22 2
15 18 7
6 10 2
8 10 2
23 1 1
5 5 1
19 21 7
9 13 2
1 3 6
14 18 8
7 11 8
17 20 6
2 5 6
6 9 1
10 13 9
20 0 5
2 6 9
6 8 3
13 16 10
11 14 9
19 23 9
10 13 9
5 8 6
3 4 2
10 13 5
21 1 10
12 15 8
14 16 7
15 19 10
14 15 8
8 11 9
8 12 1
8 11 10
15 18 5
14 16 5
18 21 7
19 22 10
19 21 10
2 6 7
14 19 4
16 19 3
21 0 10
22 2 2
2 5 4
10 13 4
2 4 1
5 8 6
0 2 2
16 18 2
17 21 8
13 14 8
3 5 2
1 5 10
22 3 9
0 5 3
23 2 8
7 10 8
17 21 8
14 18 6
1 4 8
21 2 5
15 18 2
3 6 6
5 7 1
6 9 6
22 1 8
17 19 5
1 6 8
22 2 1
2 4 10
9 12 6
14 15 8
13 17 1
2 5 5
13 15 9
17 20 1
3 5 2
12 14 6
10 13 3
5 8 2
16 18 3
8 11 10
23 1 6
7 10 6
6 9 6
0 3 9
2 5 6
16 18 7
10 11 6
16 19 1
14 17 6
13 16 9
19 20 5
8 13 2
23 2 9
18 22 8
10 14 7
1 3 3
0 2 8
16 20 2
4 6 7
19 23 7
17 20 2
15 19 6
5 8 5
4 7 7
2 5 9
8 9 8
21 23 10
1 5 5
14 18 9
4 6 6
21 0 3
18 21 4
8 13 4
8 12 9
11 14 9
15 20 9
12 17 2
1 3 5
2 6 6
6 10 10
23 2 3
20 23 5
1 5 6
10 12 5
1 3 6
20 22 5
9 13 10
10 14 8
11 15 6
21 1 2
16 20 9
15 17 8
4 5 7
13 15 8
11 15 4
13 16 3
12 13 4
14 17 9
0 3 7
4 8 3
16 19 10
17 20 5
13 16 9
2 4 6
5 10 8
19 22 7
6 8 5
10 16 4
0 1 9
20 0 6
11 12 1
7 10 10
3 6 6
0 3 8
8 13 9
14 17 8
23 1 10
6 8 1
23 2 8
15 18 9
9 12 6
18 22 6
20 0 8
14 16 5
6 8 6
13 16 5
8 12 8
1 5 2
16 19 3
18 20 10
11 13 5
12 13 7
4 7 8
15 18 9
1 6 5
5 8 9
0 4 3
23 2 7
16 18 2
10 12 7
10 14 7
13 15 5
13 16 3
16 19 6
2 7 10
23 1 3
23 1 6
7 11 2
16 19 3
10 12 2
6 10 3
3 6 4
15 16 2
22 0 7
11 13 7
12 14 5
20 23 10
19 23 6
15 19 9
19 21 10
3 6 1
19 20 9
12 14 3
21 1 2
11 15 10
0 2 8
23 3 4
21 23 1
18 22 1
18 20 1
20 1 7
2 6 6
10 13 10
19 22 6
6 10 2
5 9 10
12 14 5
8 12 3
9 11 1
15 18 2
0 2 7
8 11 1
19 21 10
12 17 1
3 4 6
15 18 2
14 17 6
14 16 6
11 13 1
13 17 3
6 8 10
8 9 8
1 5 7
6 10 7
1 3 8
2 6 9
18 20 2
2 5 2
11 14 4
15 18 3
12 16 4
13 18 4
6 10 7
17 20 3
22 0 2
1 3 7
13 15 10
12 14 8
23 0 3
0 3 1
2 3 4
23 1 7
18 23 6
10 12 6
22 0 10
20 0 1
8 11 2
3 6 2
11 15 4
16 19 7
22 2 7
4 6 10
9 12 7
0 3 4
10 14 2
2 5 8
12 17 4
14 18 3
8 11 1
5 7 5
22 0 7
13 17 9
3 7 5
12 15 1
18 21 7
18 21 4
10 13 8
18 19 4
18 19 7
17 19 6
17 19 8
9 11 1
21 0 3
11 13 3
14 16 3
12 15 1
9 13 2
5 7 3
19 22 1
22 0 4
0 3 3
21 1 1
1 3 4
18 21 6
15 17 9
10 14 7
10 14 1
1 3 2
19 21 2
7 9 4
16 19 8
14 16 4
2 6 3
15 19 3
2 7 6
20 23 9
23 2 9
23 1 5
15 17 10
18 22 4
2 5 5
12 13 6
3 7 8
8 11 5
11 15 4
13 15 10
17 20 6
19 22 7
22 1 7
23 1 10
7 11 7
11 14 10
12 16 4
16 19 2
9 12 2
8 13 10
21 0 4
19 22 9
23 2 1
12 16 10
13 18 3
17 22 7
7 11 7
22 0 7
20 23 2
8 13 8
4 7 9
13 16 5
15 18 4
1 4 9
8 11 8
20 23 6
5 7 7
16 20 6
3 6 2
21 21 8
4 8 1
18 18 1
13 15 4
8 11 8
2 5 10
1 3 10
19 23 7
15 17 5
21 23 2
21 22 8
15 19 7
16 19 9
9 12 7
6 9 4
21 1 2
19 23 6
3 7 3
19 19 9
9 13 9
14 17 8
1 4 1
16 17 4
1 4 8
7 7 9
5 9 4
18 22 2
9 12 10
13 16 5
16 19 6
2 3 6
9 13 3
1 5 5
14 16 7
21 2 9
18 20 5
1 5 4
1 5 3
16 19 10
9 11 5
18 20 6
15 18 3
8 11 2
14 19 9
6 9 3
18 21 5
18 21 6
10 14 8
14 17 8
2 7 5
10 15 10
8 11 4
19 23 1
4 7 10
4 7 9
20 0 6
6 8 5
12 14 9
17 20 6
1 4 7
23 1 5
6 9 2
17 21 8
19 21 3
1 6 3
10 13 3
16 19 4
8 12 6
5 10 6
1 3 3
15 17 7
9 12 1
12 14 9
23 1 2
16 19 4
16 20 6
6 9 5
5 7 3
2 4 4
3 5 1
0 3 4
16 20 3
16 19 5
8 10 5
13 17 1
3 6 5
9 13 5
18 21 9
0 4 3
20 23 10
11 13 2
9 13 4
1 4 6
22 1 1
9 13 6
10 13 8
18 21 8
18 22 2
0 3 4
7 9 5
17 21 5
16 18 7
10 14 2
6 9 2
4 8 8
5 9 4
22 1 6
14 17 2
14 15 2
14 16 5
5 10 10
6 8 5
5 8 9
22 1 6
16 19 8
15 18 3
13 16 1
21 23 2
23 2 8
16 18 7
22 1 4
15 20 4
9 12 1
13 17 8
18 19 5
9 12 1
8 10 1
15 18 6
12 14 1
15 20 9
4 5 3
8 11 1
23 5 10
4 8 9
5 7 2
15 17 2
11 15 4
14 18 10
18 20 10
1 4 2
20 0 9
18 21 6
15 18 4
13 14 8
0 2 1
1 3 5
23 2 6
17 22 1
3 4 4
15 20 2
20 23 9
8 11 8
2 7 3
4 7 9
10 13 5
8 11 2
2 5 8
7 9 8
15 18 9
13 14 8
8 10 10
20 1 5
2 4 9
18 20 7
8 13 1
12 16 6
17 20 3
23 6 7
20 22 2
15 17 3
22 1 8
13 16 1
23 2 6
12 16 5
18 21 5
3 5 9
14 16 4
16 20 7
1 5 8
16 20 9
11 13 4
8 12 6
0 3 8
6 10 9
13 17 2
16 19 6
10 13 8
23 0 6
21 1 10
14 19 3
3 5 9
11 13 10
7 10 1
11 15 2
16 20 8
3 7 6
18 22 6
8 11 9
5 9 5
21 1 5
6 10 1
12 15 4
19 0 8
18 21 6
20 22 6
6 9 10
0 3 5
12 15 1
15 18 8
17 21 3
5 8 2
2 5 5
1 4 4
0 6 2
14 18 6
5 7 9
13 15 2
2 5 8
9 13 5
2 6 4
0 1 6
6 10 9
1 4 9
5 8 8
20 0 6
16 20 10
7 10 2
13 16 5
19 22 7
21 0 2
20 0 4
15 17 2
11 14 5
19 19 10
7 10 9
0 2 8
1 4 1
3 4 6
3 7 9
18 21 6
19 22 5
9 12 6
23 3 3
13 15 9
7 11 10
5 7 2
11 12 1
12 13 1
7 9 8
2 5 6
10 14 8
16 19 2
15 19 10
0 1 6
16 18 9
20 23 6
23 2 10
9 13 10
7 10 5
17 19 4
8 8 7
14 17 2
5 7 6
23 0 1
16 19 7
1 5 5
17 18 7
12 15 7
20 22 8
0 2 3
13 15 1
20 23 7
1 4 4
13 18 8
12 14 5
9 11 1
20 23 1
